# Input data from Coope, I.D. (1993).

x.coope <- c(.7,3.3,5.6,7.5,6.4,4.4,0.3,-1.1)
y.coope <- c(4,4.7,4.0,1.3,-1.1,-3.0,-2.5,1.3)
